128
580554
984888
849320
193759
496787
796240
778271
135499
912126
293909
367398
942610
239901
87503
539615
2816
577781
906112
127275
816705
402434
347676
556635
411656
62060
681996
251671
50942
1018551
232268
398260
934306
356359
903477
267587
739466
1017890
578156
653902
279421
400842
390396
342496
721009
729541
605834
187379
792003
239658
947327
37126
8007
152294
633521
761679
188666
949589
984492
645964
572731
289249
167376
52083
483616
440497
625964
97065
29876
167572
983698
965313
546491
541931
710445
718291
303506
457704
339606
802055
855871
838188
628957
370124
82618
334714
194379
959373
1003189
901909
823689
998135
86294
745136
791269
650673
383245
642251
145971
745377
817269
385390
253516
521725
791583
270200
232224
1017427
412571
105584
279770
463167
935437
597212
835441
260252
95546
49315
703512
832627
773686
540571
772837
535872
125843
441093
955358
627816
161740
