256
1343831
138240
3700452
3717604
3406237
1373194
4037449
36139
2445041
2951633
3626569
1874481
1400184
2809806
2668191
3860819
2248913
703605
1738986
437176
1765196
3316521
2625045
2194460
947957
1561801
3886565
21403
1531000
2690819
1019964
3579311
784476
848906
20007
1994402
1888077
99797
2880054
350105
3220550
2918897
3067029
120189
1820177
1643289
1413403
2325692
738899
3313414
1979728
3771442
3374563
2100143
1123336
8806
821500
2233359
1194746
2073259
1422983
897204
3018905
3987786
3530231
3939637
1389137
3758127
3828890
3904906
753520
153139
2149671
620680
1835385
106881
738147
606168
3217403
2840765
2327056
339754
1806798
213044
3712655
921426
2142248
1827621
3402252
3873929
3728619
3516516
1116219
2666230
125157
514204
1884757
267097
3851146
2050389
1344771
1817320
2531465
1367084
2818603
1279023
981639
3869170
1591033
3845084
1601062
3447125
1678299
465236
1432981
2360519
2629666
3125869
1868211
3365359
1755338
2953170
938008
330530
587867
3387618
1916093
4152251
3940140
2454069
1320986
1430777
2228332
3324948
1259862
387845
2751673
3308150
3435856
926744
1745319
22998
799942
3291684
4085011
4105986
3388113
1328996
1001071
2320472
708300
3257671
1048142
1917535
1990511
3700142
1757373
1475591
2682427
375088
836714
344575
4019916
696533
167262
629847
1520077
934650
1809680
1471166
3608743
2723082
4112638
2482046
2823220
916342
275739
3586451
1232306
2446582
2942933
3848919
377510
4085916
1375209
1620041
1607597
2416291
3882236
815488
342910
2430225
487865
2058023
2687273
16147
1243093
4007492
2781925
2756692
3616105
1757423
1577916
1179664
2228643
2423172
4010271
2974456
2584340
2470032
2059752
1150107
53155
521887
1948274
3310654
4164349
3437940
4028596
17569
2285335
1211413
3585805
2718753
2239894
881438
987516
3898576
2144066
3096272
1821741
2466296
595813
4114788
1381517
2204099
2539169
3101270
808870
3848630
1711436
27358
1012630
1677012
1717686
178306
1702651
1303162
2086654
2599077
89929
771463
2127312
4049082
3199448
1031987
