1024
114795758
1336304637
404246971
1137599744
1904840811
1429621011
760905714
651039346
986851314
422550002
771282708
334241643
890963021
1095386662
1058802960
1300657256
1022485719
923133370
504165291
1406743782
144374082
549237070
352683015
1371502968
1309614923
490853187
2075392019
1096526542
275443506
929461122
1335363275
40376022
132682537
1941280815
703556468
45311551
1873190531
1349260724
1665464460
2097624806
1781162313
1095906356
1098622736
1866474923
2093728026
1522760802
1995010181
163979449
280846288
1304387750
1672069768
1356607132
1478386526
1663680200
83609592
1776705499
414635072
1606028059
1417989150
754771339
773510637
668105676
1309431973
1826282959
1022487070
42636228
2129432794
197089166
88213831
1749290054
420368439
1303408267
527421623
1814247021
1215081698
1956097655
1507951038
2073500016
615270179
1239125288
1513687422
599379041
2095992507
1878240067
913323634
776877570
1965048475
384083461
300643096
4280877
400521421
114471140
1563507123
1256996165
1304647750
619128180
281672053
1342533869
273426376
450896120
835515356
1119421422
2010080833
34341770
1068865104
77069744
2065101960
1600179770
1304385159
1886937292
1147448111
6120784
1260278879
72255838
1467591922
1294941225
779843780
890643783
502172028
2052376583
1854672871
6198715
19134773
243934312
379320886
596733342
1361770116
962484599
822658743
1744407365
413022924
1192941466
780659963
757300626
867552328
2087475844
660664211
676946769
1682109080
1668569799
287877147
1898677231
291067324
378066176
381646933
445942546
652065962
1040775464
1188331560
1328063731
1148273892
672483868
1828872867
1677506744
131834374
1673140591
1066961433
1859622689
309968943
634423524
1114608095
1987620718
887093173
534342807
1069149556
515800296
833288220
1839034503
145783154
65134929
816555542
257436735
1217110111
1160558814
943546611
1244555600
1083171438
1794598093
1735219347
69596512
1051321936
1793877446
570128900
62170626
1095442622
2011831387
1244041910
876814189
1643095553
1633487509
121782926
1024384008
1819813949
1498867656
1836014172
578599047
594208960
804181714
1286272845
377794657
168538750
64306350
1427715917
45488223
847833868
283218552
1476125661
184594046
276717765
2017312291
1923533167
66130859
1547635858
494141251
1772156568
28527648
1307419873
1659334666
2101287223
350221651
552672050
1037197193
918326698
780698573
1304611483
1580420530
1402593900
47988615
1153390434
25105248
1487957176
427597428
604738307
41617768
787659672
2056393392
1328721579
686906920
857408457
403698737
728611836
2054238011
909907949
705454080
583572672
1566081722
685125344
292074058
460998053
421676824
110173744
1133676895
303487511
1446340748
302020517
1572064321
187116260
39888750
897229805
618275336
1389731743
1698752971
1775111536
1339795315
1278053652
1891597487
1453649375
1856132507
1803611323
59746121
1817744732
506698378
1704042067
250986970
1850057028
246543050
163518783
1015874173
825995701
1866564576
1401066711
894753220
1554029741
876701144
1266562027
908984621
574806555
2116441900
1433645559
125482536
347824781
1358100498
111342038
1066642249
745411022
1427466810
2074310277
416888219
755408383
642880372
827006951
993537694
1768221743
1528546357
733203528
78622077
1769638984
681394108
1088535399
572174997
2052762710
122890001
2120726899
614398902
549105295
64624821
1987042511
1422803287
1348989701
2082370582
933767429
1027289352
1624742871
1431364564
1767904996
1899400453
1580311225
174272730
91769648
118052540
956353372
1249845491
1265311754
1956461863
1535282962
857144368
1941405766
949223890
1068147500
1603911000
839016900
1846784861
1768256438
2138126484
751079683
1743637922
1624073689
289006231
80195947
627344170
1877969880
710463015
18178993
540879824
445362642
783266992
828319298
1289228020
1953500853
1766907780
529181494
912274411
246247013
1297327433
304437473
1693029353
254767029
1361641385
583648022
1258891747
483105693
61437125
1783216527
1450797815
379642259
1864231834
1786365912
515558768
1080446952
1245969759
1259264108
981992572
723467771
1147253692
687734094
702225594
1919500526
352996857
568221753
2033681504
1585615374
1772923569
1592156766
1783139122
658185710
1992314700
1933377042
1644487727
733974111
1035845763
1863870428
22733627
741188694
1251045577
1843591028
1397724018
1276988510
1437417371
1120695281
158283096
20921391
1525692582
1016940790
1899700757
1275169086
101107756
1557770875
22889708
1767116627
1295118218
763488403
1219808407
1431133665
304267505
415203777
1181873572
613346813
1115598932
1725949705
1420713316
1056015455
1427296903
1082704849
613113059
1712863670
2108635044
2133328159
914245723
1556689231
1013962699
356786177
1244583598
1714129781
2029317173
1056916588
765737917
192969529
1927824296
532307572
2146863402
257584124
1198298298
1597328816
52480355
1043399805
1101272570
34136738
1235859951
1036202471
129613304
543062923
1964725868
1682281759
998547302
1502204474
967802018
1334310078
307773257
796663558
1767952566
387121955
1489643383
510414169
1596874363
1398126507
1123581072
87597065
1893385582
1112269343
84485889
2128290854
1899406934
628514186
533692284
190569491
1030237112
649809593
1344028724
1995783806
1436548437
130798475
1703184872
1565619177
41996005
849700457
696372646
2083986392
180466617
2009447541
148005165
809224419
1900842026
635783553
746898276
1443533167
1570241445
1798147300
1490887743
1496382120
1874425834
89957985
739195957
344129497
554722700
695847690
201224727
1264345431
362375633
1206188776
116859536
1412226042
1238615064
1910220090
610242863
1505980333
29719064
508753214
1358011653
348545951
1260405462
837628678
1116836329
1754007837
1026235680
1806287687
1749591884
1285940590
2012040544
1206704711
2038911093
751931259
313366101
2014270868
652113459
96708169
1661031360
469094737
694822059
1885112142
974633151
396968190
454977393
309447191
386008745
1791315557
2043031306
735938595
172990365
568881228
525190304
2110056869
1800966747
837762447
495987318
509302040
591875182
2038958995
1111723433
1483058988
1883742067
2134935421
1127480805
1352724887
850418847
1090914718
1406611799
1533716514
738580370
1838274540
1172061566
1404374758
199021352
1028322434
822696636
1810182066
1711618298
478445418
1828214337
954327709
1568629294
1941751020
1412632478
619660509
871019194
199568419
799685792
1752370369
1543485906
1471482096
2017990296
64677088
688662749
1513315699
170718008
1804552415
349731130
529034940
1854484259
237112451
464207777
1270389869
1404738956
188259295
1147897444
1359023805
788506437
1247140285
1217762437
162554934
798203042
1188445781
2065264371
1366275099
1816643560
1554005354
149645810
1388966778
1461173757
1915071919
540091874
1700976246
1404562469
450632397
1166397674
1131873157
445080552
522223036
2044787674
362973267
601946844
1861738492
1773461541
1720108227
2042121842
106199965
1969599130
1203068325
2121811561
600680674
1449066748
258325549
909927702
1909047618
1615457404
423548353
1299507856
478490089
1972883112
655546832
1399328638
1844481741
704063048
1600422852
1471776348
274909999
856290679
387687983
370782119
1973897288
625432885
871249779
2041461452
398278240
1488885890
1548453342
703923530
789138513
474263097
1823085658
11885923
2087515372
1772521860
1604367335
1024071893
276699205
1014078682
1340076691
127431216
518917447
2141347063
1562027220
611301200
1133542661
1806289613
227389167
1109976455
313020630
163247446
2033879240
1693300859
1924031616
1475569988
141080004
127301951
408264586
1019682714
1073067461
492116849
454039222
1801962821
1126107122
352489687
530482197
1160214051
1258971194
443672072
328576846
1197107829
2091424554
791935960
61258784
358392025
1888333990
536982443
1877062546
1474209132
735242986
1437181432
320283359
1524802497
224093473
1722947029
1501749420
1790659966
1182236093
1300294312
1506494071
1812134465
82127200
1922741045
825750852
764120374
1563312784
1931703596
1515909139
292878202
205846790
1548970060
2130208034
1659429586
1003070780
545571364
1999956691
1556691818
1721016311
1067841200
1553801395
153787718
947351834
1844708164
1435027889
502788439
851969543
1408191028
884587097
1453743235
1583429444
535139243
720036544
459668451
514638233
1353539419
1712981862
699324890
1051854804
169277195
481823158
62666978
218671250
295843486
214108407
472423816
667756037
886154632
675508903
440195516
1475177256
820657602
193308106
1028960893
1597417293
719751507
1755737830
113205153
742080839
1551530291
1041405449
2133925503
1197935512
917345171
212262980
1926936463
550218143
467301568
1279230981
1212777320
2015185756
6957190
1822552585
1242844653
1547254894
1902999759
882704219
889672392
37543672
752707235
1296874089
294950470
1110131832
2038053836
1347269826
511322451
1813691480
4954838
2126919860
1450646299
145472023
1697232088
424449936
215269855
801925366
412860567
1277470065
1400813446
904584790
556844718
251898530
1023714265
386311806
405135893
2140142183
719953179
1207455064
142649452
746228706
1533452324
184983960
1488060313
574173505
634675219
646764206
507251786
987432538
1269005967
304609927
413368460
1995868909
1861938403
785737626
1772038796
1561262599
91422119
591389397
1955683684
1444466773
209984491
501858792
2025357839
1579621880
1505597822
379685503
1298388589
77455885
269645161
1312008232
1073706053
1494760746
1291689305
267937367
1826566710
1627613496
180998241
296871015
265198828
611253905
1798909424
889652737
1193626998
1079557133
1658164945
868142664
1046665096
1944745728
1258873933
1994488155
1646400158
2058505600
1905548838
370328023
702108331
298082357
1066003825
1521702752
29920124
821263359
1680972058
192760596
1085279651
739522173
642817244
2122421448
1871478638
99870502
299630147
1444798621
362637797
1605155972
2083591539
1285688515
222312963
1577809011
904310736
720411172
68028963
487748759
1491504624
1889597617
1510221761
2120036836
854783530
836248264
783297436
2080713893
341853857
1848485069
622828072
989066861
2047641698
1715010078
427985918
967746039
528579154
232936171
928915113
1761543774
859300320
1537879379
1441987476
339607777
1054635436
734017595
1232175950
515179214
1756296416
2061774163
189925735
700723018
1479151845
821307413
106817933
1454080776
547033608
1130883715
32241184
181735866
1389775010
958286359
108345675
2042295477
2091863771
1546866984
8667885
1503217407
301542493
60939084
178185635
1806057827
683547676
823794119
462428917
987752139
2028294427
270805861
1676529094
948372152
72247825
127849720
1111397006
580416993
653508948
645634600
761924540
980341281
1032626636
573134539
1212405536
445795852
740608804
48837957
398587864
672691729
1363240949
548880962
245973606
1204685554
1902391925
414296045
1886675139
1249463089
479988236
1988478284
461555858
1445489044
1829182764
453695893
528462374
85174009
2072860216
1458039628
1442405594
835284047
1489389798
1786790815
468602270
